use_portrait_processor=false
bayer_dither=false
brightness=0.556000
contrast=0.572000
saturation=0.636000
auto_contrast=0.444000
sharpen_radius=0.198000
sharpen_strength=0.340000
vignette_size=0.000000
vignette_opacity=0.000000

